### Lasso_0.01
apfel [7.0, 2.0, 8.0, 9.0, 8.0, 7.0, 3.0, 6.0, 4.0, 7.0]
 ---> [[ 10.50012897   7.6978982   18.49992927  16.50014013  12.50010254
   15.50027252  16.49975134  10.50021      8.30180518  19.49997226]]

buch [6.0, 7.0, 11.0, 6.0, 4.0, 8.0, 2.0, 4.0, 2.0, 3.0]
 ---> [[  2.62291723   7.14238943  10.72745326   8.18362848   8.97651892
    4.28563206   7.21327202   2.57425734   8.85776382   7.98545229]]

code [3.0, 7.0, 1.0, 3.0, 6.0, 2.0, 1.0, 2.0, 3.0, 4.0]
 ---> [[ 8.14356117  5.81354417  0.92266401  0.46436076  2.77060569  5.75015114
   2.40261539  6.69755209  8.18644121  3.79430002]]

mensch [7.0, 7.0, 2.0, 8.0, 7.0, 9.0, 6.0, 4.0, 1.0, 2.0]
 ---> [[ 8.72730068  7.87205654  3.37061567  4.96669074  1.67248002  5.01756883
   2.0539045   4.22304915  7.12804119  1.64926104]]

baum [11.0, 7.0, 8.0, 2.0, 9.0, 0.0, 3.0, 7.0, 4.0, 8.0]
 ---> [[  7.00609195   4.47411166   5.47933779  10.88517989   8.08029284
    2.44637545  10.83045675   8.00493142  14.52594859  13.07101439]]

computer [2.0, 8.0, 7.0, 9.0, 7.0, 8.0, 6.0, 5.0, 8.0, 1.0]
 ---> [[ 5.86746998  8.28282545  5.61368495  1.23744097  3.82268461  4.12143669
   1.28861772  1.36972714  5.12282418  1.5143572 ]]

junge [8.0, 1.0, 9.0, 0.0, 2.0, 7.0, 8.0, 1.0, 9.0, 8.0]
 ---> [[  6.14068696   5.34587903  21.37806488  18.79950723  13.16004287
   16.12792723  19.4879971   11.77375436  11.73870404  22.95930037]]



### Lasso_0.1
apfel [7.0, 2.0, 8.0, 9.0, 8.0, 7.0, 3.0, 6.0, 4.0, 7.0]
 ---> [[ 10.50012897   7.6978982   18.49992927  16.50014013  12.50010254
   15.50027252  16.49975134  10.50021      8.30180518  19.49997226]]

buch [6.0, 7.0, 11.0, 6.0, 4.0, 8.0, 2.0, 4.0, 2.0, 3.0]
 ---> [[  2.62291723   7.14238943  10.72745326   8.18362848   8.97651892
    4.28563206   7.21327202   2.57425734   8.85776382   7.98545229]]

code [3.0, 7.0, 1.0, 3.0, 6.0, 2.0, 1.0, 2.0, 3.0, 4.0]
 ---> [[ 8.14356117  5.81354417  0.92266401  0.46436076  2.77060569  5.75015114
   2.40261539  6.69755209  8.18644121  3.79430002]]

mensch [7.0, 7.0, 2.0, 8.0, 7.0, 9.0, 6.0, 4.0, 1.0, 2.0]
 ---> [[ 8.72730068  7.87205654  3.37061567  4.96669074  1.67248002  5.01756883
   2.0539045   4.22304915  7.12804119  1.64926104]]

baum [11.0, 7.0, 8.0, 2.0, 9.0, 0.0, 3.0, 7.0, 4.0, 8.0]
 ---> [[  7.00609195   4.47411166   5.47933779  10.88517989   8.08029284
    2.44637545  10.83045675   8.00493142  14.52594859  13.07101439]]

computer [2.0, 8.0, 7.0, 9.0, 7.0, 8.0, 6.0, 5.0, 8.0, 1.0]
 ---> [[ 5.86746998  8.28282545  5.61368495  1.23744097  3.82268461  4.12143669
   1.28861772  1.36972714  5.12282418  1.5143572 ]]

junge [8.0, 1.0, 9.0, 0.0, 2.0, 7.0, 8.0, 1.0, 9.0, 8.0]
 ---> [[  6.14068696   5.34587903  21.37806488  18.79950723  13.16004287
   16.12792723  19.4879971   11.77375436  11.73870404  22.95930037]]



### Lasso_0.5
apfel [7.0, 2.0, 8.0, 9.0, 8.0, 7.0, 3.0, 6.0, 4.0, 7.0]
 ---> [[ 10.50012897   7.6978982   18.49992927  16.50014013  12.50010254
   15.50027252  16.49975134  10.50021      8.30180518  19.49997226]]

buch [6.0, 7.0, 11.0, 6.0, 4.0, 8.0, 2.0, 4.0, 2.0, 3.0]
 ---> [[  2.62291723   7.14238943  10.72745326   8.18362848   8.97651892
    4.28563206   7.21327202   2.57425734   8.85776382   7.98545229]]

code [3.0, 7.0, 1.0, 3.0, 6.0, 2.0, 1.0, 2.0, 3.0, 4.0]
 ---> [[ 8.14356117  5.81354417  0.92266401  0.46436076  2.77060569  5.75015114
   2.40261539  6.69755209  8.18644121  3.79430002]]

mensch [7.0, 7.0, 2.0, 8.0, 7.0, 9.0, 6.0, 4.0, 1.0, 2.0]
 ---> [[ 8.72730068  7.87205654  3.37061567  4.96669074  1.67248002  5.01756883
   2.0539045   4.22304915  7.12804119  1.64926104]]

baum [11.0, 7.0, 8.0, 2.0, 9.0, 0.0, 3.0, 7.0, 4.0, 8.0]
 ---> [[  7.00609195   4.47411166   5.47933779  10.88517989   8.08029284
    2.44637545  10.83045675   8.00493142  14.52594859  13.07101439]]

computer [2.0, 8.0, 7.0, 9.0, 7.0, 8.0, 6.0, 5.0, 8.0, 1.0]
 ---> [[ 5.86746998  8.28282545  5.61368495  1.23744097  3.82268461  4.12143669
   1.28861772  1.36972714  5.12282418  1.5143572 ]]

junge [8.0, 1.0, 9.0, 0.0, 2.0, 7.0, 8.0, 1.0, 9.0, 8.0]
 ---> [[  6.14068696   5.34587903  21.37806488  18.79950723  13.16004287
   16.12792723  19.4879971   11.77375436  11.73870404  22.95930037]]



